{
 "cells": [
  {
   "cell_type": "code",
   "execution_count": 48,
   "metadata": {},
   "outputs": [],
   "source": [
    "import pandas as pd\n",
    "import numpy as np\n",
    "from sklearn.linear_model import LinearRegression\n",
    "from sklearn.linear_model import Ridge\n",
    "from sklearn.model_selection import train_test_split\n",
    "from sklearn.metrics import r2_score, mean_squared_error\n",
    "from sklearn.preprocessing import StandardScaler\n",
    "from sklearn.model_selection import KFold\n",
    "import matplotlib.pyplot as plt\n",
    "\n",
    "%matplotlib inline"
   ]
  },
  {
   "cell_type": "code",
   "execution_count": 49,
   "metadata": {},
   "outputs": [
    {
     "data": {
      "text/html": [
       "<div>\n",
       "<style scoped>\n",
       "    .dataframe tbody tr th:only-of-type {\n",
       "        vertical-align: middle;\n",
       "    }\n",
       "\n",
       "    .dataframe tbody tr th {\n",
       "        vertical-align: top;\n",
       "    }\n",
       "\n",
       "    .dataframe thead th {\n",
       "        text-align: right;\n",
       "    }\n",
       "</style>\n",
       "<table border=\"1\" class=\"dataframe\">\n",
       "  <thead>\n",
       "    <tr style=\"text-align: right;\">\n",
       "      <th></th>\n",
       "      <th>count</th>\n",
       "      <th>mean</th>\n",
       "      <th>std</th>\n",
       "      <th>min</th>\n",
       "      <th>25%</th>\n",
       "      <th>50%</th>\n",
       "      <th>75%</th>\n",
       "      <th>max</th>\n",
       "    </tr>\n",
       "  </thead>\n",
       "  <tbody>\n",
       "    <tr>\n",
       "      <th>ID</th>\n",
       "      <td>333.0</td>\n",
       "      <td>250.951952</td>\n",
       "      <td>147.859438</td>\n",
       "      <td>1.00000</td>\n",
       "      <td>123.00000</td>\n",
       "      <td>244.00000</td>\n",
       "      <td>377.00000</td>\n",
       "      <td>506.0000</td>\n",
       "    </tr>\n",
       "    <tr>\n",
       "      <th>crim</th>\n",
       "      <td>333.0</td>\n",
       "      <td>3.360341</td>\n",
       "      <td>7.352272</td>\n",
       "      <td>0.00632</td>\n",
       "      <td>0.07896</td>\n",
       "      <td>0.26169</td>\n",
       "      <td>3.67822</td>\n",
       "      <td>73.5341</td>\n",
       "    </tr>\n",
       "    <tr>\n",
       "      <th>zn</th>\n",
       "      <td>333.0</td>\n",
       "      <td>10.689189</td>\n",
       "      <td>22.674762</td>\n",
       "      <td>0.00000</td>\n",
       "      <td>0.00000</td>\n",
       "      <td>0.00000</td>\n",
       "      <td>12.50000</td>\n",
       "      <td>100.0000</td>\n",
       "    </tr>\n",
       "    <tr>\n",
       "      <th>indus</th>\n",
       "      <td>333.0</td>\n",
       "      <td>11.293483</td>\n",
       "      <td>6.998123</td>\n",
       "      <td>0.74000</td>\n",
       "      <td>5.13000</td>\n",
       "      <td>9.90000</td>\n",
       "      <td>18.10000</td>\n",
       "      <td>27.7400</td>\n",
       "    </tr>\n",
       "    <tr>\n",
       "      <th>chas</th>\n",
       "      <td>333.0</td>\n",
       "      <td>0.060060</td>\n",
       "      <td>0.237956</td>\n",
       "      <td>0.00000</td>\n",
       "      <td>0.00000</td>\n",
       "      <td>0.00000</td>\n",
       "      <td>0.00000</td>\n",
       "      <td>1.0000</td>\n",
       "    </tr>\n",
       "    <tr>\n",
       "      <th>nox</th>\n",
       "      <td>333.0</td>\n",
       "      <td>0.557144</td>\n",
       "      <td>0.114955</td>\n",
       "      <td>0.38500</td>\n",
       "      <td>0.45300</td>\n",
       "      <td>0.53800</td>\n",
       "      <td>0.63100</td>\n",
       "      <td>0.8710</td>\n",
       "    </tr>\n",
       "    <tr>\n",
       "      <th>rm</th>\n",
       "      <td>333.0</td>\n",
       "      <td>6.265619</td>\n",
       "      <td>0.703952</td>\n",
       "      <td>3.56100</td>\n",
       "      <td>5.88400</td>\n",
       "      <td>6.20200</td>\n",
       "      <td>6.59500</td>\n",
       "      <td>8.7250</td>\n",
       "    </tr>\n",
       "    <tr>\n",
       "      <th>age</th>\n",
       "      <td>333.0</td>\n",
       "      <td>68.226426</td>\n",
       "      <td>28.133344</td>\n",
       "      <td>6.00000</td>\n",
       "      <td>45.40000</td>\n",
       "      <td>76.70000</td>\n",
       "      <td>93.80000</td>\n",
       "      <td>100.0000</td>\n",
       "    </tr>\n",
       "    <tr>\n",
       "      <th>dis</th>\n",
       "      <td>333.0</td>\n",
       "      <td>3.709934</td>\n",
       "      <td>1.981123</td>\n",
       "      <td>1.12960</td>\n",
       "      <td>2.12240</td>\n",
       "      <td>3.09230</td>\n",
       "      <td>5.11670</td>\n",
       "      <td>10.7103</td>\n",
       "    </tr>\n",
       "    <tr>\n",
       "      <th>rad</th>\n",
       "      <td>333.0</td>\n",
       "      <td>9.633634</td>\n",
       "      <td>8.742174</td>\n",
       "      <td>1.00000</td>\n",
       "      <td>4.00000</td>\n",
       "      <td>5.00000</td>\n",
       "      <td>24.00000</td>\n",
       "      <td>24.0000</td>\n",
       "    </tr>\n",
       "    <tr>\n",
       "      <th>tax</th>\n",
       "      <td>333.0</td>\n",
       "      <td>409.279279</td>\n",
       "      <td>170.841988</td>\n",
       "      <td>188.00000</td>\n",
       "      <td>279.00000</td>\n",
       "      <td>330.00000</td>\n",
       "      <td>666.00000</td>\n",
       "      <td>711.0000</td>\n",
       "    </tr>\n",
       "    <tr>\n",
       "      <th>ptratio</th>\n",
       "      <td>333.0</td>\n",
       "      <td>18.448048</td>\n",
       "      <td>2.151821</td>\n",
       "      <td>12.60000</td>\n",
       "      <td>17.40000</td>\n",
       "      <td>19.00000</td>\n",
       "      <td>20.20000</td>\n",
       "      <td>21.2000</td>\n",
       "    </tr>\n",
       "    <tr>\n",
       "      <th>black</th>\n",
       "      <td>333.0</td>\n",
       "      <td>359.466096</td>\n",
       "      <td>86.584567</td>\n",
       "      <td>3.50000</td>\n",
       "      <td>376.73000</td>\n",
       "      <td>392.05000</td>\n",
       "      <td>396.24000</td>\n",
       "      <td>396.9000</td>\n",
       "    </tr>\n",
       "    <tr>\n",
       "      <th>lstat</th>\n",
       "      <td>333.0</td>\n",
       "      <td>12.515435</td>\n",
       "      <td>7.067781</td>\n",
       "      <td>1.73000</td>\n",
       "      <td>7.18000</td>\n",
       "      <td>10.97000</td>\n",
       "      <td>16.42000</td>\n",
       "      <td>37.9700</td>\n",
       "    </tr>\n",
       "    <tr>\n",
       "      <th>medv</th>\n",
       "      <td>333.0</td>\n",
       "      <td>22.768769</td>\n",
       "      <td>9.173468</td>\n",
       "      <td>5.00000</td>\n",
       "      <td>17.40000</td>\n",
       "      <td>21.60000</td>\n",
       "      <td>25.00000</td>\n",
       "      <td>50.0000</td>\n",
       "    </tr>\n",
       "  </tbody>\n",
       "</table>\n",
       "</div>"
      ],
      "text/plain": [
       "         count        mean         std        min        25%        50%  \\\n",
       "ID       333.0  250.951952  147.859438    1.00000  123.00000  244.00000   \n",
       "crim     333.0    3.360341    7.352272    0.00632    0.07896    0.26169   \n",
       "zn       333.0   10.689189   22.674762    0.00000    0.00000    0.00000   \n",
       "indus    333.0   11.293483    6.998123    0.74000    5.13000    9.90000   \n",
       "chas     333.0    0.060060    0.237956    0.00000    0.00000    0.00000   \n",
       "nox      333.0    0.557144    0.114955    0.38500    0.45300    0.53800   \n",
       "rm       333.0    6.265619    0.703952    3.56100    5.88400    6.20200   \n",
       "age      333.0   68.226426   28.133344    6.00000   45.40000   76.70000   \n",
       "dis      333.0    3.709934    1.981123    1.12960    2.12240    3.09230   \n",
       "rad      333.0    9.633634    8.742174    1.00000    4.00000    5.00000   \n",
       "tax      333.0  409.279279  170.841988  188.00000  279.00000  330.00000   \n",
       "ptratio  333.0   18.448048    2.151821   12.60000   17.40000   19.00000   \n",
       "black    333.0  359.466096   86.584567    3.50000  376.73000  392.05000   \n",
       "lstat    333.0   12.515435    7.067781    1.73000    7.18000   10.97000   \n",
       "medv     333.0   22.768769    9.173468    5.00000   17.40000   21.60000   \n",
       "\n",
       "               75%       max  \n",
       "ID       377.00000  506.0000  \n",
       "crim       3.67822   73.5341  \n",
       "zn        12.50000  100.0000  \n",
       "indus     18.10000   27.7400  \n",
       "chas       0.00000    1.0000  \n",
       "nox        0.63100    0.8710  \n",
       "rm         6.59500    8.7250  \n",
       "age       93.80000  100.0000  \n",
       "dis        5.11670   10.7103  \n",
       "rad       24.00000   24.0000  \n",
       "tax      666.00000  711.0000  \n",
       "ptratio   20.20000   21.2000  \n",
       "black    396.24000  396.9000  \n",
       "lstat     16.42000   37.9700  \n",
       "medv      25.00000   50.0000  "
      ]
     },
     "execution_count": 49,
     "metadata": {},
     "output_type": "execute_result"
    }
   ],
   "source": [
    "df = pd.read_csv('train.csv')\n",
    "df.describe().T # look at scale of data"
   ]
  },
  {
   "cell_type": "code",
   "execution_count": 50,
   "metadata": {},
   "outputs": [
    {
     "data": {
      "text/html": [
       "<div>\n",
       "<style scoped>\n",
       "    .dataframe tbody tr th:only-of-type {\n",
       "        vertical-align: middle;\n",
       "    }\n",
       "\n",
       "    .dataframe tbody tr th {\n",
       "        vertical-align: top;\n",
       "    }\n",
       "\n",
       "    .dataframe thead th {\n",
       "        text-align: right;\n",
       "    }\n",
       "</style>\n",
       "<table border=\"1\" class=\"dataframe\">\n",
       "  <thead>\n",
       "    <tr style=\"text-align: right;\">\n",
       "      <th></th>\n",
       "      <th>ID</th>\n",
       "      <th>crim</th>\n",
       "      <th>zn</th>\n",
       "      <th>indus</th>\n",
       "      <th>chas</th>\n",
       "      <th>nox</th>\n",
       "      <th>rm</th>\n",
       "      <th>age</th>\n",
       "      <th>dis</th>\n",
       "      <th>rad</th>\n",
       "      <th>tax</th>\n",
       "      <th>ptratio</th>\n",
       "      <th>black</th>\n",
       "      <th>lstat</th>\n",
       "      <th>medv</th>\n",
       "    </tr>\n",
       "  </thead>\n",
       "  <tbody>\n",
       "    <tr>\n",
       "      <th>ID</th>\n",
       "      <td>1.000000</td>\n",
       "      <td>0.456312</td>\n",
       "      <td>-0.155639</td>\n",
       "      <td>0.421978</td>\n",
       "      <td>0.007958</td>\n",
       "      <td>0.440185</td>\n",
       "      <td>-0.112790</td>\n",
       "      <td>0.257300</td>\n",
       "      <td>-0.356461</td>\n",
       "      <td>0.707526</td>\n",
       "      <td>0.686246</td>\n",
       "      <td>0.309838</td>\n",
       "      <td>-0.271619</td>\n",
       "      <td>0.281953</td>\n",
       "      <td>-0.221694</td>\n",
       "    </tr>\n",
       "    <tr>\n",
       "      <th>crim</th>\n",
       "      <td>0.456312</td>\n",
       "      <td>1.000000</td>\n",
       "      <td>-0.210913</td>\n",
       "      <td>0.422228</td>\n",
       "      <td>-0.041195</td>\n",
       "      <td>0.463001</td>\n",
       "      <td>-0.310180</td>\n",
       "      <td>0.379034</td>\n",
       "      <td>-0.397067</td>\n",
       "      <td>0.666636</td>\n",
       "      <td>0.617081</td>\n",
       "      <td>0.313409</td>\n",
       "      <td>-0.475796</td>\n",
       "      <td>0.532077</td>\n",
       "      <td>-0.407454</td>\n",
       "    </tr>\n",
       "    <tr>\n",
       "      <th>zn</th>\n",
       "      <td>-0.155639</td>\n",
       "      <td>-0.210913</td>\n",
       "      <td>1.000000</td>\n",
       "      <td>-0.518679</td>\n",
       "      <td>-0.024442</td>\n",
       "      <td>-0.501990</td>\n",
       "      <td>0.328197</td>\n",
       "      <td>-0.544513</td>\n",
       "      <td>0.637142</td>\n",
       "      <td>-0.303663</td>\n",
       "      <td>-0.311180</td>\n",
       "      <td>-0.380449</td>\n",
       "      <td>0.168130</td>\n",
       "      <td>-0.388112</td>\n",
       "      <td>0.344842</td>\n",
       "    </tr>\n",
       "    <tr>\n",
       "      <th>indus</th>\n",
       "      <td>0.421978</td>\n",
       "      <td>0.422228</td>\n",
       "      <td>-0.518679</td>\n",
       "      <td>1.000000</td>\n",
       "      <td>0.037496</td>\n",
       "      <td>0.750087</td>\n",
       "      <td>-0.440365</td>\n",
       "      <td>0.638378</td>\n",
       "      <td>-0.702327</td>\n",
       "      <td>0.569779</td>\n",
       "      <td>0.708313</td>\n",
       "      <td>0.391087</td>\n",
       "      <td>-0.335049</td>\n",
       "      <td>0.614155</td>\n",
       "      <td>-0.473932</td>\n",
       "    </tr>\n",
       "    <tr>\n",
       "      <th>chas</th>\n",
       "      <td>0.007958</td>\n",
       "      <td>-0.041195</td>\n",
       "      <td>-0.024442</td>\n",
       "      <td>0.037496</td>\n",
       "      <td>1.000000</td>\n",
       "      <td>0.080275</td>\n",
       "      <td>0.112251</td>\n",
       "      <td>0.068286</td>\n",
       "      <td>-0.081834</td>\n",
       "      <td>0.007714</td>\n",
       "      <td>-0.021826</td>\n",
       "      <td>-0.125067</td>\n",
       "      <td>0.062029</td>\n",
       "      <td>-0.050055</td>\n",
       "      <td>0.204390</td>\n",
       "    </tr>\n",
       "    <tr>\n",
       "      <th>nox</th>\n",
       "      <td>0.440185</td>\n",
       "      <td>0.463001</td>\n",
       "      <td>-0.501990</td>\n",
       "      <td>0.750087</td>\n",
       "      <td>0.080275</td>\n",
       "      <td>1.000000</td>\n",
       "      <td>-0.338515</td>\n",
       "      <td>0.736000</td>\n",
       "      <td>-0.769364</td>\n",
       "      <td>0.612180</td>\n",
       "      <td>0.670722</td>\n",
       "      <td>0.192513</td>\n",
       "      <td>-0.369416</td>\n",
       "      <td>0.598874</td>\n",
       "      <td>-0.413054</td>\n",
       "    </tr>\n",
       "    <tr>\n",
       "      <th>rm</th>\n",
       "      <td>-0.112790</td>\n",
       "      <td>-0.310180</td>\n",
       "      <td>0.328197</td>\n",
       "      <td>-0.440365</td>\n",
       "      <td>0.112251</td>\n",
       "      <td>-0.338515</td>\n",
       "      <td>1.000000</td>\n",
       "      <td>-0.248573</td>\n",
       "      <td>0.269191</td>\n",
       "      <td>-0.272783</td>\n",
       "      <td>-0.356987</td>\n",
       "      <td>-0.366927</td>\n",
       "      <td>0.155202</td>\n",
       "      <td>-0.615747</td>\n",
       "      <td>0.689598</td>\n",
       "    </tr>\n",
       "    <tr>\n",
       "      <th>age</th>\n",
       "      <td>0.257300</td>\n",
       "      <td>0.379034</td>\n",
       "      <td>-0.544513</td>\n",
       "      <td>0.638378</td>\n",
       "      <td>0.068286</td>\n",
       "      <td>0.736000</td>\n",
       "      <td>-0.248573</td>\n",
       "      <td>1.000000</td>\n",
       "      <td>-0.764208</td>\n",
       "      <td>0.447380</td>\n",
       "      <td>0.511893</td>\n",
       "      <td>0.259293</td>\n",
       "      <td>-0.268054</td>\n",
       "      <td>0.588834</td>\n",
       "      <td>-0.358888</td>\n",
       "    </tr>\n",
       "    <tr>\n",
       "      <th>dis</th>\n",
       "      <td>-0.356461</td>\n",
       "      <td>-0.397067</td>\n",
       "      <td>0.637142</td>\n",
       "      <td>-0.702327</td>\n",
       "      <td>-0.081834</td>\n",
       "      <td>-0.769364</td>\n",
       "      <td>0.269191</td>\n",
       "      <td>-0.764208</td>\n",
       "      <td>1.000000</td>\n",
       "      <td>-0.477610</td>\n",
       "      <td>-0.529539</td>\n",
       "      <td>-0.231101</td>\n",
       "      <td>0.284374</td>\n",
       "      <td>-0.505939</td>\n",
       "      <td>0.249422</td>\n",
       "    </tr>\n",
       "    <tr>\n",
       "      <th>rad</th>\n",
       "      <td>0.707526</td>\n",
       "      <td>0.666636</td>\n",
       "      <td>-0.303663</td>\n",
       "      <td>0.569779</td>\n",
       "      <td>0.007714</td>\n",
       "      <td>0.612180</td>\n",
       "      <td>-0.272783</td>\n",
       "      <td>0.447380</td>\n",
       "      <td>-0.477610</td>\n",
       "      <td>1.000000</td>\n",
       "      <td>0.903562</td>\n",
       "      <td>0.470849</td>\n",
       "      <td>-0.406405</td>\n",
       "      <td>0.484568</td>\n",
       "      <td>-0.352251</td>\n",
       "    </tr>\n",
       "    <tr>\n",
       "      <th>tax</th>\n",
       "      <td>0.686246</td>\n",
       "      <td>0.617081</td>\n",
       "      <td>-0.311180</td>\n",
       "      <td>0.708313</td>\n",
       "      <td>-0.021826</td>\n",
       "      <td>0.670722</td>\n",
       "      <td>-0.356987</td>\n",
       "      <td>0.511893</td>\n",
       "      <td>-0.529539</td>\n",
       "      <td>0.903562</td>\n",
       "      <td>1.000000</td>\n",
       "      <td>0.467437</td>\n",
       "      <td>-0.406477</td>\n",
       "      <td>0.544485</td>\n",
       "      <td>-0.448078</td>\n",
       "    </tr>\n",
       "    <tr>\n",
       "      <th>ptratio</th>\n",
       "      <td>0.309838</td>\n",
       "      <td>0.313409</td>\n",
       "      <td>-0.380449</td>\n",
       "      <td>0.391087</td>\n",
       "      <td>-0.125067</td>\n",
       "      <td>0.192513</td>\n",
       "      <td>-0.366927</td>\n",
       "      <td>0.259293</td>\n",
       "      <td>-0.231101</td>\n",
       "      <td>0.470849</td>\n",
       "      <td>0.467437</td>\n",
       "      <td>1.000000</td>\n",
       "      <td>-0.164614</td>\n",
       "      <td>0.374802</td>\n",
       "      <td>-0.481376</td>\n",
       "    </tr>\n",
       "    <tr>\n",
       "      <th>black</th>\n",
       "      <td>-0.271619</td>\n",
       "      <td>-0.475796</td>\n",
       "      <td>0.168130</td>\n",
       "      <td>-0.335049</td>\n",
       "      <td>0.062029</td>\n",
       "      <td>-0.369416</td>\n",
       "      <td>0.155202</td>\n",
       "      <td>-0.268054</td>\n",
       "      <td>0.284374</td>\n",
       "      <td>-0.406405</td>\n",
       "      <td>-0.406477</td>\n",
       "      <td>-0.164614</td>\n",
       "      <td>1.000000</td>\n",
       "      <td>-0.356693</td>\n",
       "      <td>0.336660</td>\n",
       "    </tr>\n",
       "    <tr>\n",
       "      <th>lstat</th>\n",
       "      <td>0.281953</td>\n",
       "      <td>0.532077</td>\n",
       "      <td>-0.388112</td>\n",
       "      <td>0.614155</td>\n",
       "      <td>-0.050055</td>\n",
       "      <td>0.598874</td>\n",
       "      <td>-0.615747</td>\n",
       "      <td>0.588834</td>\n",
       "      <td>-0.505939</td>\n",
       "      <td>0.484568</td>\n",
       "      <td>0.544485</td>\n",
       "      <td>0.374802</td>\n",
       "      <td>-0.356693</td>\n",
       "      <td>1.000000</td>\n",
       "      <td>-0.738600</td>\n",
       "    </tr>\n",
       "    <tr>\n",
       "      <th>medv</th>\n",
       "      <td>-0.221694</td>\n",
       "      <td>-0.407454</td>\n",
       "      <td>0.344842</td>\n",
       "      <td>-0.473932</td>\n",
       "      <td>0.204390</td>\n",
       "      <td>-0.413054</td>\n",
       "      <td>0.689598</td>\n",
       "      <td>-0.358888</td>\n",
       "      <td>0.249422</td>\n",
       "      <td>-0.352251</td>\n",
       "      <td>-0.448078</td>\n",
       "      <td>-0.481376</td>\n",
       "      <td>0.336660</td>\n",
       "      <td>-0.738600</td>\n",
       "      <td>1.000000</td>\n",
       "    </tr>\n",
       "  </tbody>\n",
       "</table>\n",
       "</div>"
      ],
      "text/plain": [
       "               ID      crim        zn     indus      chas       nox        rm  \\\n",
       "ID       1.000000  0.456312 -0.155639  0.421978  0.007958  0.440185 -0.112790   \n",
       "crim     0.456312  1.000000 -0.210913  0.422228 -0.041195  0.463001 -0.310180   \n",
       "zn      -0.155639 -0.210913  1.000000 -0.518679 -0.024442 -0.501990  0.328197   \n",
       "indus    0.421978  0.422228 -0.518679  1.000000  0.037496  0.750087 -0.440365   \n",
       "chas     0.007958 -0.041195 -0.024442  0.037496  1.000000  0.080275  0.112251   \n",
       "nox      0.440185  0.463001 -0.501990  0.750087  0.080275  1.000000 -0.338515   \n",
       "rm      -0.112790 -0.310180  0.328197 -0.440365  0.112251 -0.338515  1.000000   \n",
       "age      0.257300  0.379034 -0.544513  0.638378  0.068286  0.736000 -0.248573   \n",
       "dis     -0.356461 -0.397067  0.637142 -0.702327 -0.081834 -0.769364  0.269191   \n",
       "rad      0.707526  0.666636 -0.303663  0.569779  0.007714  0.612180 -0.272783   \n",
       "tax      0.686246  0.617081 -0.311180  0.708313 -0.021826  0.670722 -0.356987   \n",
       "ptratio  0.309838  0.313409 -0.380449  0.391087 -0.125067  0.192513 -0.366927   \n",
       "black   -0.271619 -0.475796  0.168130 -0.335049  0.062029 -0.369416  0.155202   \n",
       "lstat    0.281953  0.532077 -0.388112  0.614155 -0.050055  0.598874 -0.615747   \n",
       "medv    -0.221694 -0.407454  0.344842 -0.473932  0.204390 -0.413054  0.689598   \n",
       "\n",
       "              age       dis       rad       tax   ptratio     black     lstat  \\\n",
       "ID       0.257300 -0.356461  0.707526  0.686246  0.309838 -0.271619  0.281953   \n",
       "crim     0.379034 -0.397067  0.666636  0.617081  0.313409 -0.475796  0.532077   \n",
       "zn      -0.544513  0.637142 -0.303663 -0.311180 -0.380449  0.168130 -0.388112   \n",
       "indus    0.638378 -0.702327  0.569779  0.708313  0.391087 -0.335049  0.614155   \n",
       "chas     0.068286 -0.081834  0.007714 -0.021826 -0.125067  0.062029 -0.050055   \n",
       "nox      0.736000 -0.769364  0.612180  0.670722  0.192513 -0.369416  0.598874   \n",
       "rm      -0.248573  0.269191 -0.272783 -0.356987 -0.366927  0.155202 -0.615747   \n",
       "age      1.000000 -0.764208  0.447380  0.511893  0.259293 -0.268054  0.588834   \n",
       "dis     -0.764208  1.000000 -0.477610 -0.529539 -0.231101  0.284374 -0.505939   \n",
       "rad      0.447380 -0.477610  1.000000  0.903562  0.470849 -0.406405  0.484568   \n",
       "tax      0.511893 -0.529539  0.903562  1.000000  0.467437 -0.406477  0.544485   \n",
       "ptratio  0.259293 -0.231101  0.470849  0.467437  1.000000 -0.164614  0.374802   \n",
       "black   -0.268054  0.284374 -0.406405 -0.406477 -0.164614  1.000000 -0.356693   \n",
       "lstat    0.588834 -0.505939  0.484568  0.544485  0.374802 -0.356693  1.000000   \n",
       "medv    -0.358888  0.249422 -0.352251 -0.448078 -0.481376  0.336660 -0.738600   \n",
       "\n",
       "             medv  \n",
       "ID      -0.221694  \n",
       "crim    -0.407454  \n",
       "zn       0.344842  \n",
       "indus   -0.473932  \n",
       "chas     0.204390  \n",
       "nox     -0.413054  \n",
       "rm       0.689598  \n",
       "age     -0.358888  \n",
       "dis      0.249422  \n",
       "rad     -0.352251  \n",
       "tax     -0.448078  \n",
       "ptratio -0.481376  \n",
       "black    0.336660  \n",
       "lstat   -0.738600  \n",
       "medv     1.000000  "
      ]
     },
     "execution_count": 50,
     "metadata": {},
     "output_type": "execute_result"
    }
   ],
   "source": [
    "df.corr()"
   ]
  },
  {
   "cell_type": "code",
   "execution_count": 51,
   "metadata": {},
   "outputs": [],
   "source": [
    "y = df.medv\n",
    "X = df.drop(columns=['medv'])"
   ]
  },
  {
   "cell_type": "markdown",
   "metadata": {},
   "source": [
    "# Baseline"
   ]
  },
  {
   "cell_type": "code",
   "execution_count": 52,
   "metadata": {},
   "outputs": [
    {
     "data": {
